{
    "image_00000":[
        [
            [
                -0.9999999999947515,
                -2.26929037009628e-06,
                2.3123690375519126e-06,
                129.75034341645014
            ],
            [
                -5.326321226840049e-07,
                0.8191625739990309,
                0.5735613980726024,
                -39.40958323456663
            ],
            [
                -3.1957835301418028e-06,
                0.5735613980683606,
                -0.8191625739959404,
                117.2700708631536
            ],
            [
                0.0,
                0.0,
                0.0,
                1.0
            ]
        ],
        [
            [
                -0.9999999999947515,
                -2.26929037009628e-06,
                2.3123690375519126e-06,
                129.25034341645278
            ],
            [
                -5.326321226840049e-07,
                0.8191625739990309,
                0.5735613980726024,
                -39.4095835008827
            ],
            [
                -3.1957835301418028e-06,
                0.5735613980683606,
                -0.8191625739959404,
                117.27006926526184
            ],
            [
                0.0,
                0.0,
                0.0,
                1.0
            ]
        ]
    ],
    "image_00001":[
        [
            [
                -0.9999999999947515,
                -2.26929037009628e-06,
                2.3123690375519126e-06,
                129.75034341645014
            ],
            [
                -5.326321226840049e-07,
                0.8191625739990309,
                0.5735613980726024,
                -39.40958323456663
            ],
            [
                -3.1957835301418028e-06,
                0.5735613980683606,
                -0.8191625739959404,
                117.2700708631536
            ],
            [
                0.0,
                0.0,
                0.0,
                1.0
            ]
        ],
        [
            [
                -0.9999999999947515,
                -2.26929037009628e-06,
                2.3123690375519126e-06,
                129.25034341645278
            ],
            [
                -5.326321226840049e-07,
                0.8191625739990309,
                0.5735613980726024,
                -39.4095835008827
            ],
            [
                -3.1957835301418028e-06,
                0.5735613980683606,
                -0.8191625739959404,
                117.27006926526184
            ],
            [
                0.0,
                0.0,
                0.0,
                1.0
            ]
        ]
    ],
    "image_00002":[
        [
            [
                -0.9999999999947515,
                -2.26929037009628e-06,
                2.3123690375519126e-06,
                129.75034341645014
            ],
            [
                -5.326321226840049e-07,
                0.8191625739990309,
                0.5735613980726024,
                -39.40958323456663
            ],
            [
                -3.1957835301418028e-06,
                0.5735613980683606,
                -0.8191625739959404,
                117.2700708631536
            ],
            [
                0.0,
                0.0,
                0.0,
                1.0
            ]
        ],
        [
            [
                -0.9999999999947515,
                -2.26929037009628e-06,
                2.3123690375519126e-06,
                129.25034341645278
            ],
            [
                -5.326321226840049e-07,
                0.8191625739990309,
                0.5735613980726024,
                -39.4095835008827
            ],
            [
                -3.1957835301418028e-06,
                0.5735613980683606,
                -0.8191625739959404,
                117.27006926526184
            ],
            [
                0.0,
                0.0,
                0.0,
                1.0
            ]
        ]
    ],
    "image_00003":[
        [
            [
                -0.9999999999947515,
                -2.26929037009628e-06,
                2.3123690375519126e-06,
                129.75034341645014
            ],
            [
                -5.326321226840049e-07,
                0.8191625739990309,
                0.5735613980726024,
                -39.40958323456663
            ],
            [
                -3.1957835301418028e-06,
                0.5735613980683606,
                -0.8191625739959404,
                117.2700708631536
            ],
            [
                0.0,
                0.0,
                0.0,
                1.0
            ]
        ],
        [
            [
                -0.9999999999947515,
                -2.26929037009628e-06,
                2.3123690375519126e-06,
                129.25034341645278
            ],
            [
                -5.326321226840049e-07,
                0.8191625739990309,
                0.5735613980726024,
                -39.4095835008827
            ],
            [
                -3.1957835301418028e-06,
                0.5735613980683606,
                -0.8191625739959404,
                117.27006926526184
            ],
            [
                0.0,
                0.0,
                0.0,
                1.0
            ]
        ]
    ],
    "image_00004":[
        [
            [
                -0.9999999999947515,
                -2.26929037009628e-06,
                2.3123690375519126e-06,
                129.75034341645014
            ],
            [
                -5.326321226840049e-07,
                0.8191625739990309,
                0.5735613980726024,
                -39.40958323456663
            ],
            [
                -3.1957835301418028e-06,
                0.5735613980683606,
                -0.8191625739959404,
                117.2700708631536
            ],
            [
                0.0,
                0.0,
                0.0,
                1.0
            ]
        ],
        [
            [
                -0.9999999999947515,
                -2.26929037009628e-06,
                2.3123690375519126e-06,
                129.25034341645278
            ],
            [
                -5.326321226840049e-07,
                0.8191625739990309,
                0.5735613980726024,
                -39.4095835008827
            ],
            [
                -3.1957835301418028e-06,
                0.5735613980683606,
                -0.8191625739959404,
                117.27006926526184
            ],
            [
                0.0,
                0.0,
                0.0,
                1.0
            ]
        ]
    ],
    "image_00005":[
        [
            [
                -0.9999999999947515,
                -2.26929037009628e-06,
                2.3123690375519126e-06,
                129.75034341645014
            ],
            [
                -5.326321226840049e-07,
                0.8191625739990309,
                0.5735613980726024,
                -39.40958323456663
            ],
            [
                -3.1957835301418028e-06,
                0.5735613980683606,
                -0.8191625739959404,
                117.2700708631536
            ],
            [
                0.0,
                0.0,
                0.0,
                1.0
            ]
        ],
        [
            [
                -0.9999999999947515,
                -2.26929037009628e-06,
                2.3123690375519126e-06,
                129.25034341645278
            ],
            [
                -5.326321226840049e-07,
                0.8191625739990309,
                0.5735613980726024,
                -39.4095835008827
            ],
            [
                -3.1957835301418028e-06,
                0.5735613980683606,
                -0.8191625739959404,
                117.27006926526184
            ],
            [
                0.0,
                0.0,
                0.0,
                1.0
            ]
        ]
    ],
    "image_00006":[
        [
            [
                -0.9999999999948785,
                -1.6916897457085825e-06,
                2.716809348873044e-06,
                129.75034249979393
            ],
            [
                1.7249032774480772e-07,
                0.8191621637561587,
                0.5735619839828111,
                -39.40958547571938
            ],
            [
                -3.1957963515677954e-06,
                0.5735619839803422,
                -0.8191621637516715,
                117.2700699332906
            ],
            [
                0.0,
                0.0,
                0.0,
                1.0
            ]
        ],
        [
            [
                -0.9999999999948785,
                -1.6916897457085825e-06,
                2.716809348873044e-06,
                129.2503424997965
            ],
            [
                1.7249032774480772e-07,
                0.8191621637561587,
                0.5735619839828111,
                -39.40958538947422
            ],
            [
                -3.1957963515677954e-06,
                0.5735619839803422,
                -0.8191621637516715,
                117.27006833539242
            ],
            [
                0.0,
                0.0,
                0.0,
                1.0
            ]
        ]
    ],
    "image_00007":[
        [
            [
                -0.9999999999948785,
                -1.6916897457085825e-06,
                2.716809348873044e-06,
                129.75034249979393
            ],
            [
                1.7249032774480772e-07,
                0.8191621637561587,
                0.5735619839828111,
                -39.40958547571938
            ],
            [
                -3.1957963515677954e-06,
                0.5735619839803422,
                -0.8191621637516715,
                117.2700699332906
            ],
            [
                0.0,
                0.0,
                0.0,
                1.0
            ]
        ],
        [
            [
                -0.9999999999948785,
                -1.6916897457085825e-06,
                2.716809348873044e-06,
                129.2503424997965
            ],
            [
                1.7249032774480772e-07,
                0.8191621637561587,
                0.5735619839828111,
                -39.40958538947422
            ],
            [
                -3.1957963515677954e-06,
                0.5735619839803422,
                -0.8191621637516715,
                117.27006833539242
            ],
            [
                0.0,
                0.0,
                0.0,
                1.0
            ]
        ]
    ],
    "image_00008":[
        [
            [
                -0.9999999999948785,
                -1.6916897457085825e-06,
                2.716809348873044e-06,
                129.75034249979393
            ],
            [
                1.7249032774480772e-07,
                0.8191621637561587,
                0.5735619839828111,
                -39.40958547571938
            ],
            [
                -3.1957963515677954e-06,
                0.5735619839803422,
                -0.8191621637516715,
                117.2700699332906
            ],
            [
                0.0,
                0.0,
                0.0,
                1.0
            ]
        ],
        [
            [
                -0.9999999999948785,
                -1.6916897457085825e-06,
                2.716809348873044e-06,
                129.2503424997965
            ],
            [
                1.7249032774480772e-07,
                0.8191621637561587,
                0.5735619839828111,
                -39.40958538947422
            ],
            [
                -3.1957963515677954e-06,
                0.5735619839803422,
                -0.8191621637516715,
                117.27006833539242
            ],
            [
                0.0,
                0.0,
                0.0,
                1.0
            ]
        ]
    ],
    "image_00009":[
        [
            [
                -0.9999999999948785,
                -1.6916897457085825e-06,
                2.716809348873044e-06,
                129.75034249979393
            ],
            [
                1.7249032774480772e-07,
                0.8191621637561587,
                0.5735619839828111,
                -39.40958547571938
            ],
            [
                -3.1957963515677954e-06,
                0.5735619839803422,
                -0.8191621637516715,
                117.2700699332906
            ],
            [
                0.0,
                0.0,
                0.0,
                1.0
            ]
        ],
        [
            [
                -0.9999999999948785,
                -1.6916897457085825e-06,
                2.716809348873044e-06,
                129.2503424997965
            ],
            [
                1.7249032774480772e-07,
                0.8191621637561587,
                0.5735619839828111,
                -39.40958538947422
            ],
            [
                -3.1957963515677954e-06,
                0.5735619839803422,
                -0.8191621637516715,
                117.27006833539242
            ],
            [
                0.0,
                0.0,
                0.0,
                1.0
            ]
        ]
    ],
    "image_00010":[
        [
            [
                -0.9999999999948785,
                -1.6916897457085825e-06,
                2.716809348873044e-06,
                129.75034249979393
            ],
            [
                1.7249032774480772e-07,
                0.8191621637561587,
                0.5735619839828111,
                -39.40958547571938
            ],
            [
                -3.1957963515677954e-06,
                0.5735619839803422,
                -0.8191621637516715,
                117.2700699332906
            ],
            [
                0.0,
                0.0,
                0.0,
                1.0
            ]
        ],
        [
            [
                -0.9999999999948785,
                -1.6916897457085825e-06,
                2.716809348873044e-06,
                129.2503424997965
            ],
            [
                1.7249032774480772e-07,
                0.8191621637561587,
                0.5735619839828111,
                -39.40958538947422
            ],
            [
                -3.1957963515677954e-06,
                0.5735619839803422,
                -0.8191621637516715,
                117.27006833539242
            ],
            [
                0.0,
                0.0,
                0.0,
                1.0
            ]
        ]
    ],
    "image_00011":[
        [
            [
                -0.9999999999948785,
                -1.6916897457085825e-06,
                2.716809348873044e-06,
                129.75034249979393
            ],
            [
                1.7249032774480772e-07,
                0.8191621637561587,
                0.5735619839828111,
                -39.40958547571938
            ],
            [
                -3.1957963515677954e-06,
                0.5735619839803422,
                -0.8191621637516715,
                117.2700699332906
            ],
            [
                0.0,
                0.0,
                0.0,
                1.0
            ]
        ],
        [
            [
                -0.9999999999948785,
                -1.6916897457085825e-06,
                2.716809348873044e-06,
                129.2503424997965
            ],
            [
                1.7249032774480772e-07,
                0.8191621637561587,
                0.5735619839828111,
                -39.40958538947422
            ],
            [
                -3.1957963515677954e-06,
                0.5735619839803422,
                -0.8191621637516715,
                117.27006833539242
            ],
            [
                0.0,
                0.0,
                0.0,
                1.0
            ]
        ]
    ],
    "image_00012":[
        [
            [
                -0.9999999999948785,
                -1.6916897457085825e-06,
                2.716809348873044e-06,
                129.75034249979393
            ],
            [
                1.7249032774480772e-07,
                0.8191621637561587,
                0.5735619839828111,
                -39.40958547571938
            ],
            [
                -3.1957963515677954e-06,
                0.5735619839803422,
                -0.8191621637516715,
                117.2700699332906
            ],
            [
                0.0,
                0.0,
                0.0,
                1.0
            ]
        ],
        [
            [
                -0.9999999999948785,
                -1.6916897457085825e-06,
                2.716809348873044e-06,
                129.2503424997965
            ],
            [
                1.7249032774480772e-07,
                0.8191621637561587,
                0.5735619839828111,
                -39.40958538947422
            ],
            [
                -3.1957963515677954e-06,
                0.5735619839803422,
                -0.8191621637516715,
                117.27006833539242
            ],
            [
                0.0,
                0.0,
                0.0,
                1.0
            ]
        ]
    ],
    "image_00013":[
        [
            [
                -0.9999999999948785,
                -1.6916897457085825e-06,
                2.716809348873044e-06,
                129.75034249979393
            ],
            [
                1.7249032774480772e-07,
                0.8191621637561587,
                0.5735619839828111,
                -39.40958547571938
            ],
            [
                -3.1957963515677954e-06,
                0.5735619839803422,
                -0.8191621637516715,
                117.2700699332906
            ],
            [
                0.0,
                0.0,
                0.0,
                1.0
            ]
        ],
        [
            [
                -0.9999999999948785,
                -1.6916897457085825e-06,
                2.716809348873044e-06,
                129.2503424997965
            ],
            [
                1.7249032774480772e-07,
                0.8191621637561587,
                0.5735619839828111,
                -39.40958538947422
            ],
            [
                -3.1957963515677954e-06,
                0.5735619839803422,
                -0.8191621637516715,
                117.27006833539242
            ],
            [
                0.0,
                0.0,
                0.0,
                1.0
            ]
        ]
    ],
    "image_00014":[
        [
            [
                -0.9999999999948826,
                -1.712608210598785e-06,
                2.7021620820691493e-06,
                129.75034253299168
            ],
            [
                1.469535973747937e-07,
                0.819162163756162,
                0.5735619839828134,
                -39.40958547571939
            ],
            [
                -3.1957959010239154e-06,
                0.5735619839802754,
                -0.8191621637517184,
                117.27006993329071
            ],
            [
                0.0,
                0.0,
                0.0,
                1.0
            ]
        ],
        [
            [
                -0.9999999999948826,
                -1.712608210598785e-06,
                2.7021620820691493e-06,
                129.25034253299424
            ],
            [
                1.469535973747937e-07,
                0.819162163756162,
                0.5735619839828134,
                -39.40958540224259
            ],
            [
                -3.1957959010239154e-06,
                0.5735619839802754,
                -0.8191621637517184,
                117.27006833539276
            ],
            [
                0.0,
                0.0,
                0.0,
                1.0
            ]
        ]
    ],
    "image_00015":[
        [
            [
                -0.9999999999948826,
                -1.712608210598785e-06,
                2.7021620820691493e-06,
                129.75034253299168
            ],
            [
                1.469535973747937e-07,
                0.819162163756162,
                0.5735619839828134,
                -39.40958547571939
            ],
            [
                -3.1957959010239154e-06,
                0.5735619839802754,
                -0.8191621637517184,
                117.27006993329071
            ],
            [
                0.0,
                0.0,
                0.0,
                1.0
            ]
        ],
        [
            [
                -0.9999999999948826,
                -1.712608210598785e-06,
                2.7021620820691493e-06,
                129.25034253299424
            ],
            [
                1.469535973747937e-07,
                0.819162163756162,
                0.5735619839828134,
                -39.40958540224259
            ],
            [
                -3.1957959010239154e-06,
                0.5735619839802754,
                -0.8191621637517184,
                117.27006833539276
            ],
            [
                0.0,
                0.0,
                0.0,
                1.0
            ]
        ]
    ],
    "image_00016":[
        [
            [
                -0.9999999999948826,
                -1.712608210598785e-06,
                2.7021620820691493e-06,
                129.75034253299168
            ],
            [
                1.469535973747937e-07,
                0.819162163756162,
                0.5735619839828134,
                -39.40958547571939
            ],
            [
                -3.1957959010239154e-06,
                0.5735619839802754,
                -0.8191621637517184,
                117.27006993329071
            ],
            [
                0.0,
                0.0,
                0.0,
                1.0
            ]
        ],
        [
            [
                -0.9999999999948826,
                -1.712608210598785e-06,
                2.7021620820691493e-06,
                129.25034253299424
            ],
            [
                1.469535973747937e-07,
                0.819162163756162,
                0.5735619839828134,
                -39.40958540224259
            ],
            [
                -3.1957959010239154e-06,
                0.5735619839802754,
                -0.8191621637517184,
                117.27006833539276
            ],
            [
                0.0,
                0.0,
                0.0,
                1.0
            ]
        ]
    ],
    "image_00017":[
        [
            [
                -0.9999999999948826,
                -1.712608210598785e-06,
                2.7021620820691493e-06,
                129.75034253299168
            ],
            [
                1.469535973747937e-07,
                0.819162163756162,
                0.5735619839828134,
                -39.40958547571939
            ],
            [
                -3.1957959010239154e-06,
                0.5735619839802754,
                -0.8191621637517184,
                117.27006993329071
            ],
            [
                0.0,
                0.0,
                0.0,
                1.0
            ]
        ],
        [
            [
                -0.9999999999948826,
                -1.712608210598785e-06,
                2.7021620820691493e-06,
                129.25034253299424
            ],
            [
                1.469535973747937e-07,
                0.819162163756162,
                0.5735619839828134,
                -39.40958540224259
            ],
            [
                -3.1957959010239154e-06,
                0.5735619839802754,
                -0.8191621637517184,
                117.27006833539276
            ],
            [
                0.0,
                0.0,
                0.0,
                1.0
            ]
        ]
    ],
    "image_00018":[
        [
            [
                -0.9999999999948826,
                -1.712608210598785e-06,
                2.7021620820691493e-06,
                129.75034253299168
            ],
            [
                1.469535973747937e-07,
                0.819162163756162,
                0.5735619839828134,
                -39.40958547571939
            ],
            [
                -3.1957959010239154e-06,
                0.5735619839802754,
                -0.8191621637517184,
                117.27006993329071
            ],
            [
                0.0,
                0.0,
                0.0,
                1.0
            ]
        ],
        [
            [
                -0.9999999999948826,
                -1.712608210598785e-06,
                2.7021620820691493e-06,
                129.25034253299424
            ],
            [
                1.469535973747937e-07,
                0.819162163756162,
                0.5735619839828134,
                -39.40958540224259
            ],
            [
                -3.1957959010239154e-06,
                0.5735619839802754,
                -0.8191621637517184,
                117.27006833539276
            ],
            [
                0.0,
                0.0,
                0.0,
                1.0
            ]
        ]
    ],
    "image_00019":[
        [
            [
                -0.9999999999948826,
                -1.712608210598785e-06,
                2.7021620820691493e-06,
                129.75034253299168
            ],
            [
                1.469535973747937e-07,
                0.819162163756162,
                0.5735619839828134,
                -39.40958547571939
            ],
            [
                -3.1957959010239154e-06,
                0.5735619839802754,
                -0.8191621637517184,
                117.27006993329071
            ],
            [
                0.0,
                0.0,
                0.0,
                1.0
            ]
        ],
        [
            [
                -0.9999999999948826,
                -1.712608210598785e-06,
                2.7021620820691493e-06,
                129.25034253299424
            ],
            [
                1.469535973747937e-07,
                0.819162163756162,
                0.5735619839828134,
                -39.40958540224259
            ],
            [
                -3.1957959010239154e-06,
                0.5735619839802754,
                -0.8191621637517184,
                117.27006833539276
            ],
            [
                0.0,
                0.0,
                0.0,
                1.0
            ]
        ]
    ],
    "image_00020":[
        [
            [
                -0.9999999999948826,
                -1.712608210598785e-06,
                2.7021620820691493e-06,
                129.75034253299168
            ],
            [
                1.469535973747937e-07,
                0.819162163756162,
                0.5735619839828134,
                -39.40958547571939
            ],
            [
                -3.1957959010239154e-06,
                0.5735619839802754,
                -0.8191621637517184,
                117.27006993329071
            ],
            [
                0.0,
                0.0,
                0.0,
                1.0
            ]
        ],
        [
            [
                -0.9999999999948826,
                -1.712608210598785e-06,
                2.7021620820691493e-06,
                129.25034253299424
            ],
            [
                1.469535973747937e-07,
                0.819162163756162,
                0.5735619839828134,
                -39.40958540224259
            ],
            [
                -3.1957959010239154e-06,
                0.5735619839802754,
                -0.8191621637517184,
                117.27006833539276
            ],
            [
                0.0,
                0.0,
                0.0,
                1.0
            ]
        ]
    ],
    "image_00021":[
        [
            [
                -0.9999999999948826,
                -1.712608210598785e-06,
                2.7021620820691493e-06,
                129.75034253299168
            ],
            [
                1.469535973747937e-07,
                0.819162163756162,
                0.5735619839828134,
                -39.40958547571939
            ],
            [
                -3.1957959010239154e-06,
                0.5735619839802754,
                -0.8191621637517184,
                117.27006993329071
            ],
            [
                0.0,
                0.0,
                0.0,
                1.0
            ]
        ],
        [
            [
                -0.9999999999948826,
                -1.712608210598785e-06,
                2.7021620820691493e-06,
                129.25034253299424
            ],
            [
                1.469535973747937e-07,
                0.819162163756162,
                0.5735619839828134,
                -39.40958540224259
            ],
            [
                -3.1957959010239154e-06,
                0.5735619839802754,
                -0.8191621637517184,
                117.27006833539276
            ],
            [
                0.0,
                0.0,
                0.0,
                1.0
            ]
        ]
    ],
    "image_00022":[
        [
            [
                -0.9999999999948826,
                -1.712608210598785e-06,
                2.7021620820691493e-06,
                129.75034253299168
            ],
            [
                1.469535973747937e-07,
                0.819162163756162,
                0.5735619839828134,
                -39.40958547571939
            ],
            [
                -3.1957959010239154e-06,
                0.5735619839802754,
                -0.8191621637517184,
                117.27006993329071
            ],
            [
                0.0,
                0.0,
                0.0,
                1.0
            ]
        ],
        [
            [
                -0.9999999999948826,
                -1.712608210598785e-06,
                2.7021620820691493e-06,
                129.25034253299424
            ],
            [
                1.469535973747937e-07,
                0.819162163756162,
                0.5735619839828134,
                -39.40958540224259
            ],
            [
                -3.1957959010239154e-06,
                0.5735619839802754,
                -0.8191621637517184,
                117.27006833539276
            ],
            [
                0.0,
                0.0,
                0.0,
                1.0
            ]
        ]
    ],
    "image_00023":[
        [
            [
                -0.9999999999948826,
                -1.712608210598785e-06,
                2.7021620820691493e-06,
                129.75034253299168
            ],
            [
                1.469535973747937e-07,
                0.819162163756162,
                0.5735619839828134,
                -39.40958547571939
            ],
            [
                -3.1957959010239154e-06,
                0.5735619839802754,
                -0.8191621637517184,
                117.27006993329071
            ],
            [
                0.0,
                0.0,
                0.0,
                1.0
            ]
        ],
        [
            [
                -0.9999999999948826,
                -1.712608210598785e-06,
                2.7021620820691493e-06,
                129.25034253299424
            ],
            [
                1.469535973747937e-07,
                0.819162163756162,
                0.5735619839828134,
                -39.40958540224259
            ],
            [
                -3.1957959010239154e-06,
                0.5735619839802754,
                -0.8191621637517184,
                117.27006833539276
            ],
            [
                0.0,
                0.0,
                0.0,
                1.0
            ]
        ]
    ],
    "image_00024":[
        [
            [
                -0.9999999999948826,
                -1.712608210598785e-06,
                2.7021620820691493e-06,
                129.75034253299168
            ],
            [
                1.469535973747937e-07,
                0.819162163756162,
                0.5735619839828134,
                -39.40958547571939
            ],
            [
                -3.1957959010239154e-06,
                0.5735619839802754,
                -0.8191621637517184,
                117.27006993329071
            ],
            [
                0.0,
                0.0,
                0.0,
                1.0
            ]
        ],
        [
            [
                -0.9999999999948826,
                -1.712608210598785e-06,
                2.7021620820691493e-06,
                129.25034253299424
            ],
            [
                1.469535973747937e-07,
                0.819162163756162,
                0.5735619839828134,
                -39.40958540224259
            ],
            [
                -3.1957959010239154e-06,
                0.5735619839802754,
                -0.8191621637517184,
                117.27006833539276
            ],
            [
                0.0,
                0.0,
                0.0,
                1.0
            ]
        ]
    ],
    "image_00025":[
        [
            [
                -0.9999999999948826,
                -1.712608210598785e-06,
                2.7021620820691493e-06,
                129.75034253299168
            ],
            [
                1.469535973747937e-07,
                0.819162163756162,
                0.5735619839828134,
                -39.40958547571939
            ],
            [
                -3.1957959010239154e-06,
                0.5735619839802754,
                -0.8191621637517184,
                117.27006993329071
            ],
            [
                0.0,
                0.0,
                0.0,
                1.0
            ]
        ],
        [
            [
                -0.9999999999948826,
                -1.712608210598785e-06,
                2.7021620820691493e-06,
                129.25034253299424
            ],
            [
                1.469535973747937e-07,
                0.819162163756162,
                0.5735619839828134,
                -39.40958540224259
            ],
            [
                -3.1957959010239154e-06,
                0.5735619839802754,
                -0.8191621637517184,
                117.27006833539276
            ],
            [
                0.0,
                0.0,
                0.0,
                1.0
            ]
        ]
    ],
    "image_00026":[
        [
            [
                -0.9999999999948826,
                -1.712608210598785e-06,
                2.7021620820691493e-06,
                129.75034253299168
            ],
            [
                1.469535973747937e-07,
                0.819162163756162,
                0.5735619839828134,
                -39.40958547571939
            ],
            [
                -3.1957959010239154e-06,
                0.5735619839802754,
                -0.8191621637517184,
                117.27006993329071
            ],
            [
                0.0,
                0.0,
                0.0,
                1.0
            ]
        ],
        [
            [
                -0.9999999999948826,
                -1.712608210598785e-06,
                2.7021620820691493e-06,
                129.25034253299424
            ],
            [
                1.469535973747937e-07,
                0.819162163756162,
                0.5735619839828134,
                -39.40958540224259
            ],
            [
                -3.1957959010239154e-06,
                0.5735619839802754,
                -0.8191621637517184,
                117.27006833539276
            ],
            [
                0.0,
                0.0,
                0.0,
                1.0
            ]
        ]
    ],
    "image_00027":[
        [
            [
                -0.9999999999948826,
                -1.712608210598785e-06,
                2.7021620820691493e-06,
                129.75034253299168
            ],
            [
                1.469535973747937e-07,
                0.819162163756162,
                0.5735619839828134,
                -39.40958547571939
            ],
            [
                -3.1957959010239154e-06,
                0.5735619839802754,
                -0.8191621637517184,
                117.27006993329071
            ],
            [
                0.0,
                0.0,
                0.0,
                1.0
            ]
        ],
        [
            [
                -0.9999999999948826,
                -1.712608210598785e-06,
                2.7021620820691493e-06,
                129.25034253299424
            ],
            [
                1.469535973747937e-07,
                0.819162163756162,
                0.5735619839828134,
                -39.40958540224259
            ],
            [
                -3.1957959010239154e-06,
                0.5735619839802754,
                -0.8191621637517184,
                117.27006833539276
            ],
            [
                0.0,
                0.0,
                0.0,
                1.0
            ]
        ]
    ],
    "image_00028":[
        [
            [
                -0.9999999999948826,
                -1.712608210598785e-06,
                2.7021620820691493e-06,
                129.75034253299168
            ],
            [
                1.469535973747937e-07,
                0.819162163756162,
                0.5735619839828134,
                -39.40958547571939
            ],
            [
                -3.1957959010239154e-06,
                0.5735619839802754,
                -0.8191621637517184,
                117.27006993329071
            ],
            [
                0.0,
                0.0,
                0.0,
                1.0
            ]
        ],
        [
            [
                -0.9999999999948826,
                -1.712608210598785e-06,
                2.7021620820691493e-06,
                129.25034253299424
            ],
            [
                1.469535973747937e-07,
                0.819162163756162,
                0.5735619839828134,
                -39.40958540224259
            ],
            [
                -3.1957959010239154e-06,
                0.5735619839802754,
                -0.8191621637517184,
                117.27006833539276
            ],
            [
                0.0,
                0.0,
                0.0,
                1.0
            ]
        ]
    ],
    "image_00029":[
        [
            [
                -0.9999999999948826,
                -1.712608210598785e-06,
                2.7021620820691493e-06,
                129.75034253299168
            ],
            [
                1.469535973747937e-07,
                0.819162163756162,
                0.5735619839828134,
                -39.40958547571939
            ],
            [
                -3.1957959010239154e-06,
                0.5735619839802754,
                -0.8191621637517184,
                117.27006993329071
            ],
            [
                0.0,
                0.0,
                0.0,
